Binaire => décimal : 101 / 11011 / 101001 / 110010 / 101 1010 / 1100 0011
Décimal => binaire : 3 / 12 / 25 / 53 / 121 / 234 / 510

256/128/64/32/16/ 8/ 4/ 2/ 1
            0  0  0  1  0  1    5
            0  1  1  0  1  1    27
            1  0  1  0  0  1    41
            1  1  0  0  1  0    50
         1  0  1  1  0  1  0    90
      1  1  0  0  0  0  1  1    195

                        1  1    3
                  1  1  0  0    12
               1  1  0  0  1    25
            1  1  0  1  0  1    53
  1111001 121
  11101010 234
  111111110 510